Accuracy:
100.0
100.0
100.0
99.72527
99.45055
49.17582
0.0
0.0
0.0
0.0
0.0
0.0
0.0
0.0
0.27473
0.0
0.0
0.0
0.0
0.0
0.0
0.0
0.0
0.0
0.0
0.0
0.0
0.0
0.0
0.0
0.0
0.0
0.0
Weighted Precision:
100.0
100.0
100.0
100.0
100.0
24.38471
0.0
0.0
0.0
0.0
0.0
0.0
0.0
0.0
100.0
0.0
0.0
0.0
0.0
0.0
0.0
0.0
0.0
0.0
0.0
0.0
0.0
0.0
0.0
0.0
0.0
0.0
0.0
Weighted Recall:
100.0
100.0
100.0
99.72527
99.45055
49.17582
0.0
0.0
0.0
0.0
0.0
0.0
0.0
0.0
0.27473
0.0
0.0
0.0
0.0
0.0
0.0
0.0
0.0
0.0
0.0
0.0
0.0
0.0
0.0
0.0
0.0
0.0
0.0
Balanced Accuracy:
100.0
100.0
100.0
99.72527
99.45055
49.72222
0.0
0.0
0.0
0.0
0.0
0.0
0.0
0.0
0.27473
0.0
0.0
0.0
0.0
0.0
0.0
0.0
0.0
0.0
0.0
0.0
0.0
0.0
0.0
0.0
0.0
0.0
0.0
Means:Accuracy:16.62504
Weighted Precision:18.92075
Weighted Recall:16.62504
Balanced Accuracy:16.6416
