act_au06,[1,956],[4,959],3.85,1.6695807857064
act_au12,[5,1012],[8,1015],3.85,1.66057219054156
act_au26,[5,912],[5,912],3.56,1.43052437937981
act_au01,[1,865],[3,867],2.95,1.44481832767999
act_au20,[1,990],[4,993],3.53,1.299653800056
act_au25,[2,911],[4,912],3.1,1.39283882771841
act_au05,[1,902],[2,903],2.63,1.27400941911746
act_au28,[9,902],[11,905],3.51,1.57159154999001
act_au15,[2,979],[4,982],3.32,1.44138821973818
act_au14,[1,1013],[4,1015],3.62,1.46478667388804
act_au09,[2,995],[8,1001],3.59,1.59433371663526
act_au24,[1,1015],[2,1015],2.93,1.38747972958166
act_au11,[3,1011],[8,1015],3.74,1.51736613907125
act_au02,[1,1000],[1,1006],3.09,1.40424356861621
act_au43,[3,972],[5,974],3.69,1.68934898703613
act_au23,[1,1006],[3,1009],3.3,1.41774468787578
act_au17,[1,1014],[2,1015],2.92,1.40840335131666
act_au10,[1,1009],[2,1010],3.26,1.5074481748969
act_au07,[1,1010],[3,1015],3.17,1.48023646759563
act_au04,[1,1008],[1,1009],2.99,1.48657324071167
