act_au06,[1,31201],[100,31301],99.39,7.62547703425825
act_au12,[5,31304],[104,31308],99.64,5.27355667457934
act_au26,[5,29907],[104,29908],99.72,5.71415785571236
act_au01,[200,30500],[300,30600],100.0,0.0
act_au20,[1,31306],[101,31308],99.67,5.87120941544405
act_au25,[2,31208],[103,31307],99.77,5.2675516134159
act_au05,[1,31300],[100,31304],99.75,5.0415771341912
act_au28,[203,31107],[305,31209],99.05,9.50513019374274
act_au15,[2,29801],[103,29902],99.99,1.16185196991746
act_au14,[1,31305],[101,31308],99.58,6.69429607949928
act_au09,[2,29901],[101,29904],99.73,5.00770406473851
act_au24,[1,31304],[101,31305],99.77,4.85253541975755
act_au11,[3,31204],[103,31303],99.36,7.95741163947175
act_au02,[1,31300],[100,31308],99.37,7.70539421444477
act_au43,[3,29903],[104,29907],99.79,4.84828835776074
act_au23,[1,31005],[102,31105],99.73,5.18334833867062
act_au17,[1,31003],[101,31103],99.73,5.35042988927055
act_au10,[1,31102],[100,31203],99.77,4.81426006775712
act_au07,[1,31300],[100,31305],99.71,5.33721837664541
act_au04,[1,31101],[100,31201],99.73,5.0087024267767
