act_au06,[1,978],[5,983],4.33,1.62821988687032
act_au05,[1,937],[2,941],2.86,1.22081939696255
act_au09,[1,988],[4,991],3.87,1.5852760012061
act_au43,[5,991],[6,991],3.79,1.67508208754079
act_au28,[4,1109],[6,1112],3.65,1.60857079421454
act_au07,[1,1097],[2,1097],3.11,1.38848838669972
act_au26,[2,763],[4,763],2.96,1.27216351150314
act_au01,[1,783],[5,786],3.25,1.3629013170439
act_au14,[2,1110],[3,1112],3.57,1.50834346221277
act_au04,[1,1060],[1,1064],3.03,1.44537192445405
act_au25,[1,1039],[1,1041],2.97,1.35244223536534
act_au12,[3,985],[6,989],3.91,1.63153302142494
act_au11,[2,1021],[4,1022],3.5,1.51327459504216
act_au20,[2,1111],[4,1112],3.75,1.43788038445484
act_au10,[1,1098],[3,1103],3.06,1.35882302011704
act_au02,[1,1107],[3,1109],3.13,1.38314858204027
act_au24,[2,1112],[2,1113],2.77,1.336824595824
act_au23,[2,1113],[3,1113],3.15,1.40623611104252
act_au17,[1,1061],[2,1065],2.76,1.32755414202209
act_au15,[1,905],[4,909],3.02,1.24080618953969
