act_au06,[1,29901],[100,29908],99.12,9.06728184187519
act_au05,[1,29901],[100,29906],99.75,4.8122240180606
act_au09,[1,29903],[100,29909],99.55,5.96971523608963
act_au43,[5,29908],[105,29909],99.92,4.25835649047836
act_au28,[4,29905],[104,29906],99.57,7.49500500333403
act_au07,[1,29902],[100,29908],99.66,5.73797873819708
act_au26,[5,29903],[104,29904],99.44,7.4051603628821
act_au01,[1,29900],[100,29906],99.42,7.39483603604571
act_au14,[2,29901],[103,29905],99.86,3.47712524939798
act_au04,[1,29902],[100,29907],99.63,6.05748297562613
act_au25,[3,29905],[102,29906],99.82,4.46851205660248
act_au12,[3,29903],[103,29906],99.35,8.32270989522053
act_au11,[2,29904],[102,29908],99.63,6.40180443312675
act_au20,[2,29901],[101,29904],99.92,3.39611542795598
act_au10,[1,29904],[100,29909],99.68,5.89810138943015
act_au02,[1,29901],[100,29909],99.73,5.08498770893296
act_au24,[2,29907],[101,29909],99.67,5.99675745715955
act_au23,[3,29903],[102,29906],99.5,6.65507325279
act_au17,[1,29906],[100,29908],99.57,6.85383834066733
act_au15,[1,29903],[100,29905],99.42,7.53482581085989
